*************
1000
1
0.000104
12782
2456


0
0.000133
12884
3905


0
0.000143
11606
4309


1
9.6e-05
12353
3536


1
0.000102
23253
17757


*************
5000
1
0.000581
77195
15966


0
0.000754
79936
21984


0
0.000709
77828
23407


1
0.000586
74171
19030


1
0.00067
121249
80320


*************
10000
1
0.001215
157103
36252


0
0.001484
160376
46705


0
0.001374
146900
48458


1
0.001101
149625
40148


1
0.001254
240390
156707


*************
50000
1
0.006535
917086
233651


0
0.007702
910529
272722


0
0.007099
869420
275191


1
0.005467
867471
234564


1
0.005814
1065694
530567


*************
100000
1
0.012555
1850095
516190


0
0.013999
1949921
585711


0
0.014522
1889187
585688


1
0.010741
1747384
512361


1
0.011065
1876624
817991


*************
500000
1
0.061596
10625445
3144111


0
0.072471
11050832
3468794


0
0.068701
10943058
3420613


1
0.056921
10088118
3097787


1
0.050578
9112999
2917728


