*************
1000
1
0.000124
12667
2380


0
0.000185
14169
3979


0
0.000166
12600
4286


1
0.000105
12299
3513


1
0.000139
22334
16982


*************
5000
1
0.000665
73924
16071


0
0.00088
74253
21900


0
0.000984
76432
23460


1
0.000652
70852
19271


1
0.000798
123131
85666


*************
10000
1
0.001257
151840
36273


0
0.001572
155715
46767


0
0.001493
152681
48580


1
0.001154
144345
40005


1
0.00142
233898
156047


*************
50000
1
0.006565
879986
234182


0
0.008189
1011760
271353


0
0.008327
942643
273809


1
0.005914
830680
235202


1
0.006428
1029908
531043


*************
100000
1
0.012634
1860617
515875


0
0.014147
1878673
588232


0
0.013592
1854669
586689


1
0.010863
1756594
511475


1
0.010922
1902549
835808


*************
500000
1
0.060543
10769144
3135013


0
0.08531
10517685
3481751


0
0.069194
10496635
3435809


1
0.056705
10230931
3088439


1
0.050951
9248100
2898805


