*************
1000
1
0.000105
11053
2522


1
0.000327
25895
4032


1
0.000398
25782
4055


1
9e-05
10710
3671


1
0.000103
22021
18513


*************
5000
1
0.000557
74223
16167


1
0.001691
190689
41583


1
0.002094
193093
41400


1
0.000518
71205
19400


1
0.000601
121892
84337


*************
10000
1
0.001095
165569
35879


1
0.003915
513387
125675


1
0.004529
509152
123562


1
0.001075
158100
39760


1
0.001372
252595
160028


*************
50000
1
0.006011
837001
236523


1
0.035598
7256920
2193210


1
0.034887
7191384
2171914


1
0.005354
787253
237279


1
0.005811
988826
535726


*************
100000
1
0.012141
1922805
513111


1
0.09807
25678939
8125339


1
0.121098
25722740
8102655


1
0.011896
1818985
508977


1
0.013036
1957159
823284


*************
500000
1
0.062507
10207405
3164004


1
1.88475
587921924
193602383


1
1.92849
586155356
193191821


1
0.056394
9668608
3117129


1
0.051823
8687998
2932654


