*************
1000
1
0.000129
11552
2497


1
0.000486
25626
4067


1
0.000607
26209
4031


1
0.000107
11072
3685


1
0.000144
21259
17086


*************
5000
1
0.000604
73363
16065


1
0.001828
194323
42906


1
0.002311
193478
41971


1
0.000591
70530
19313


1
0.000709
120121
83493


*************
10000
1
0.00115
154243
36344


1
0.003709
513857
124432


1
0.004492
502499
122343


1
0.001093
146788
40133


1
0.001444
240099
159469


*************
50000
1
0.00619
859293
234606


1
0.033544
7194451
2178115


1
0.035512
7097456
2148164


1
0.005205
809733
235716


1
0.005705
1008685
532393


*************
100000
1
0.01301
1816031
517725


1
0.114369
26075071
8246454


1
0.105412
26020561
8186804


1
0.010755
1712695
513461


1
0.010919
1836352
811751


*************
500000
1
0.061707
10425181
3149945


1
1.9132
588839521
194171972


1
1.96865
590375630
194655651


1
0.056474
9887651
3103868


1
0.050971
8916436
2927134


