*************
1000
1
0.00012
11742
2465


1
0.000503
26513
4228


1
0.000628
27982
4130


1
0.000115
11353
3651


1
0.000133
21577
17405


*************
5000
1
0.000732
77030
16062


1
0.00201
191673
40505


1
0.002315
191788
40793


1
0.000619
74105
19363


1
0.000757
126600
86868


*************
10000
1
0.001264
153740
36500


1
0.004175
512991
127418


1
0.004678
505085
125154


1
0.001157
146290
40138


1
0.00128
236178
156427


*************
50000
1
0.006457
886420
233791


1
0.033299
7275932
2204282


1
0.035265
7262354
2178951


1
0.00546
836868
234656


1
0.005788
1048693
545450


*************
100000
1
0.012751
1904690
513864


1
0.097204
25763771
8143489


1
0.108357
25682224
8104862


1
0.010782
1801259
509554


1
0.010863
1943034
828872


*************
500000
1
0.064057
11172674
3131757


1
1.95654
587988060
193745084


1
2.05339
586670995
193465673


1
0.062039
10636391
3086249


1
0.055425
9678210
2920936


