*************
1000
1
0.000129
10710
3671


1
0.001162
253045
253045


1
0.000255
8680
9976


1
0.004303
499500
160585


1
3.7e-05
0
2000


*************
5000
1
0.000634
74515
19370


1
0.02226
6240971
6240971


1
0.001311
55257
61808


1
0.095651
12497500
2672653


1
0.00014
0
10000


*************
10000
1
0.001272
141637
40367


1
0.07797
24767235
24767235


1
0.002623
120398
133616


1
0.356146
49995000
7679646


1
0.000282
0
20000


*************
50000
1
0.005845
818404
236043


1
1.95144
623117372
623117372


1
0.012518
718199
784464


1
7.38837
1249975000
70075535


1
0.000847
0
100000


*************
100000
1
0.013633
1798664
508769


1
8.27373
2485539587
2485539587


1
0.024694
1536262
1668928


1
28.0128
704982704
171359436


1
0.002077
0
200000


*************
500000
1
0.061787
9858850
3109511


1
202.648
2365724627
2365724627


1
0.125469
8836549
9475712


1
657.64
445698416
1185483482


1
0.008437
0
1000000


