*************
1000
1
9.3e-05
12299
3513


1
0.000795
251300
251300


1
0.000211
8717
9976


1
0.004208
499500
158862


1
4.3e-05
0
2000


*************
5000
1
0.000565
70399
19396


1
0.020763
6271227
6271227


1
0.001239
55253
61808


1
0.095322
12497500
2601389


1
0.000138
0
10000


*************
10000
1
0.001181
158136
40081


1
0.080168
25321927
25321927


1
0.002392
120463
133616


1
0.375627
49995000
7579866


1
0.00025
0
20000


*************
50000
1
0.005528
829435
236344


1
1.9569
621273615
621273615


1
0.012156
718266
784464


1
7.22247
1249975000
69984728


1
0.000925
0
100000


*************
100000
1
0.011701
1724754
512182


1
7.86944
2500954416
2500954416


1
0.024847
1536459
1668928


1
27.328
704982704
170866298


1
0.001952
0
200000


*************
500000
1
0.065849
10795394
3069388


