*************
1000
1
0.000132
11072
3685


1
0.001418
242427
242427


1
0.000373
8721
9976


1
0.00432
499500
161014


1
7.4e-05
0
2000


*************
5000
1
0.000532
68460
19462


1
0.019867
6273204
6273204


1
0.001199
55263
61808


1
0.097037
12497500
2635654


1
0.000158
0
10000


*************
10000
1
0.001168
141331
40523


1
0.085028
24959709
24959709


1
0.002679
120447
133616


1
0.351776
49995000
7538316


1
0.000226
0
20000


*************
50000
1
0.005499
845119
234586


1
2.06024
625095843
625095843


1
0.012061
718139
784464


1
7.46024
1249975000
69915708


1
0.000969
0
100000


*************
100000
1
0.012366
1750001
513776


1
8.33837
2493190708
2493190708


1
0.025007
1536319
1668928


1
27.6599
704982704
170365746


1
0.001884
0
200000


*************
500000
1
0.057706
9909956
3101672


1
205.57
2216612632
2216612632


1
0.137683
8836706
9475712


1
651.88
445698416
1184365986


1
0.010689
0
1000000


