*************
1000
1
0.000115
12353
3536


1
0.000943
250674
250674


1
0.000223
8704
9976


1
0.004498
499500
159953


1
3.9e-05
0
2000


*************
5000
1
0.00055
70579
19421


1
0.020153
6238882
6238882


1
0.001128
55171
61808


1
0.096962
12497500
2638586


1
0.000108
0
10000


*************
10000
1
0.00108
144261
40342


1
0.078145
24786940
24786940


1
0.002278
120510
133616


1
0.353689
49995000
7551137


1
0.000215
0
20000


*************
50000
1
0.005453
834824
234693


1
1.95644
625506444
625506444


1
0.011868
718218
784464


1
7.16934
1249975000
69958270


1
0.000985
0
100000


*************
100000
1
0.012449
1743406
512227


1
7.94105
2493624688
2493624688


1
0.024024
1536352
1668928


1
27.0989
704982704
171506303


1
0.001887
0
200000


*************
500000
1
0.057815
9739179
3111691


1
199.118
2320444394
2320444394


1
0.126787
8837835
9475712


1
644.536
445698416
1182861405


1
0.008599
0
1000000


