*************
1000
1
0.000151
11353
3651


1
0.001373
250419
250419


1
0.000342
8715
9976


1
0.005504
499500
160461


1
8e-05
0
2000


*************
5000
1
0.000686
72299
19013


1
0.033693
6279680
6279680


1
0.001665
55177
61808


1
0.128416
12497500
2634734


1
0.000183
0
10000


*************
10000
1
0.001333
151901
40079


1
0.097489
25012047
25012047


1
0.002589
120408
133616


1
0.3567
49995000
7608614


1
0.000183
0
20000


*************
50000
1
0.005646
848957
234160


1
2.18496
623958365
623958365


1
0.012075
718243
784464


1
7.52596
1249975000
70319473


1
0.000873
0
100000


*************
100000
1
0.011221
1767720
512169


1
8.4168
2500995693
2500995693


1
0.025202
1536234
1668928


1
27.6203
704982704
171072541


1
0.001642
0
200000


*************
500000
1
0.058804
10227640
3096359


1
202.414
2221148582
2221148582


1
0.126138
8837251
9475712


1
626.564
445698416
1186489547


1
0.010578
0
1000000


